0.05
0.13333333333333333
-0.08447998447476407,0.4458150549807527,-0.8401826951612854,-0.39556636789193483
1.5653602744724049
73,78,13,14,31
-0.2786649154057219,-1.4099999999999984,0.4881854003064696,-0.7541801465236476
4.261237512499903
2,3,15,19,20,24,27,28,31,32,35,37,81,82,83,84,86,88,89,91,92,93,95,96,97,98,99,100,102,103,104,105,107,108,109,112,113,116,117,119,41,42,43,44,45,46,47,48,49,50,51,52,53,54,55,56,57,58,59,60,61,62,63,64,65,66,67,68,69,70,71,72,73,74,75,76,77,78,79
-0.128644282105133,-0.4223148882164711,1.5263467916532356,1.3468104477008038
-7.685069860412601
43,46,48,50,52,53,56,57,58,63,64,65,66,67,71,80,81,83,89,91,93,96,97,103,104,108,111,112,116,117,119