0.05
0.1
-0.03744979045509167,0.4424496078657896,-0.8546983775519467,-0.38839745567123407
1.3783761453535757
73,78,13,31
-0.4242998868907719,-1.8505823875751923,0.7997560175449441,-1.2692650812238966
6.007630929636349
2,3,15,19,20,24,27,28,31,32,35,37,81,82,83,84,86,88,89,91,92,93,95,96,97,98,99,100,102,103,104,105,107,108,112,113,116,117,119,41,43,44,45,46,47,48,49,50,51,52,53,54,55,56,57,58,59,60,61,62,63,64,65,66,67,68,69,70,71,72,73,74,75,76,77,78,79
-0.3094407152611742,-0.4627232842100728,1.8243384020782605,1.7319687738659044
-8.550719990237
43,46,48,50,52,56,57,58,63,64,65,66,80,89,91,93,96,97,103,104,108,112,116,117,119