0.058333333333333334
0.16666666666666666
-0.15467700647358767,0.39234238811137906,-0.7654306747311242,-0.35448966854103275
1.8947324961436014
59,73,78,13,14,31,34
-0.3110522839444414,-1.1716811392227813,0.3779278901653247,-0.5352117143330721
3.865448365377384
2,3,14,15,19,20,24,27,28,31,32,35,37,81,82,83,84,86,88,89,91,92,93,95,96,97,98,99,100,102,103,104,105,107,108,109,112,113,115,116,117,119,40,41,42,43,44,45,46,47,48,49,50,51,52,53,54,55,56,57,58,59,60,61,62,63,64,65,66,67,68,69,70,71,72,73,74,75,76,77,78,79
-0.07164497321760255,-0.24000000000000155,1.3760315684645446,1.1621932976234712
-7.457591188546857
43,45,46,48,50,52,53,55,56,57,58,63,64,65,66,67,71,80,81,83,89,91,93,96,97,103,104,107,108,111,112,116,117,119