0.05
0.1
-0.04521495694126637,0.4433194724688093,-0.8544886309298712,-0.38377923579393763
1.409954507241739
73,78,13,14,31
-0.4342316203470933,-1.8639495554534045,0.7166970087740099,-1.0808754761483943
6.174489466795424
2,3,15,19,20,24,27,28,31,32,35,37,81,82,83,84,86,88,89,91,92,93,95,96,97,98,99,100,102,103,104,105,107,108,109,112,113,116,117,119,41,43,44,45,46,47,48,49,50,51,52,53,54,55,56,57,58,59,60,61,62,63,64,65,66,67,68,69,70,71,72,73,74,75,76,77,78,79
-0.20245904811115967,-0.4380289067006542,1.8165521928971504,1.638034260604016
-9.091808393538786
43,46,48,50,52,56,57,58,63,64,65,66,71,80,89,91,93,96,97,103,104,108,112,116,117,119