0.05
0.1
-0.06481913353224711,0.4443152869061271,-0.8470848724414214,-0.38951401348258785
1.4875714813087575
73,78,13,14,31
-0.39015834023459206,-1.6680133740839924,0.6227096711455866,-0.9260459009147491
5.445526630499139
2,3,15,19,20,24,27,28,31,32,35,37,81,82,83,84,86,88,89,91,92,93,95,96,97,98,99,100,102,103,104,105,107,108,109,112,116,117,119,41,42,43,44,45,46,47,48,49,50,51,52,53,54,55,56,57,58,59,60,61,62,63,64,65,66,67,68,69,70,71,72,73,74,75,76,77,78,79
-0.18089993794873038,-0.4874791490293511,1.7639730704284915,1.5621223817993277
-8.694341631769353
43,46,48,50,52,53,56,57,58,63,64,65,66,71,80,83,89,91,93,96,97,103,104,108,112,116,117,119