0.05
0.1
-0.04575352255127879,0.5221676565626288,-1.0029405805248386,-0.46406881979483006
1.4474641258143155
78,13,31
-0.3995690527834057,-1.9406245726037472,0.9065693886520716,-1.6239677271588613
6.103322235318094
2,3,15,19,20,24,27,28,31,35,37,81,82,83,84,86,88,89,91,92,93,95,96,97,98,99,100,102,103,104,105,107,108,112,116,117,119,41,43,44,45,46,47,48,49,50,51,52,53,54,55,56,57,58,59,60,61,62,63,64,65,66,67,68,69,70,71,72,74,75,76,77,78,79
-0.37786207365235747,-0.39634004281390567,1.9235171898240235,1.9758768208981639
-9.202689208302566
43,46,48,50,52,56,57,58,63,64,65,66,80,89,91,93,96,97,103,104,108,116,119