0.05
0.06666666666666667
-0.04575352255127879,0.5221676565626288,-1.0029405805248386,-0.46406881979483006
1.4474641258143155
78,13,31
-0.41005815284843816,-1.9307016430214512,0.9869751196423895,-1.7754270468840196
6.0121997781164005
2,3,14,15,19,20,24,27,28,31,35,81,82,83,84,86,88,89,91,92,93,95,96,97,98,99,100,102,103,104,105,107,108,112,116,117,119,41,43,44,45,46,47,48,49,50,51,52,53,54,55,56,57,58,59,60,61,62,63,64,65,66,68,69,70,71,72,74,75,76,77,78,79
-0.34222130372297066,-0.3396522303944831,2.0524134332939514,2.223404039744093
-10.635753925178173
43,46,48,50,52,56,57,63,64,66,80,89,91,93,96,97,103,104,108,116,119