0.041666666666666664
0.0
-0.04575352255127879,0.5221676565626288,-1.0029405805248386,-0.46406881979483006
1.4474641258143155
78,13,31
-0.7516096225008368,-3.4187650685198605,2.0671436758129857,-4.636346853105351
11.313568528671174
1,2,3,14,15,20,28,31,32,81,82,83,84,86,88,89,91,92,93,95,96,98,99,100,103,104,107,112,116,117,119,41,43,44,45,46,47,50,52,54,55,56,57,58,59,62,64,65,66,68,69,71,73,74,75,76,77,78,79
-4.26389239099808,-6.193304117536172,8.641416230006143,12.562752667116001
-19.190666624303244
50,52,57,63,97,99,103,108