0.05
0.1
-0.04307696626509866,0.4882050562248348,-0.9387179775100658,-0.43435898875503304
1.4216150851437779
78,13,31
-0.3929379093974634,-1.9218170957297784,0.8462077239902741,-1.474140417040789
6.0671597566005815
2,3,15,19,20,24,27,28,31,35,37,81,82,83,84,86,88,89,91,92,93,95,96,97,98,99,100,102,103,104,105,107,108,112,116,117,119,41,43,44,45,46,47,48,49,50,51,52,53,54,55,56,57,58,59,60,61,62,63,64,65,66,67,68,69,70,71,72,73,74,75,76,77,78,79
-0.346506627060565,-0.40290808148399115,1.9019249716636901,1.7746136177269862
-8.973700764212312
43,46,48,50,52,56,57,58,63,64,66,80,89,91,93,96,97,103,104,108,112,116,119